0 0.277344 0.403125 0.042188 0.056250
0 0.317188 0.326042 0.046875 0.052083
0 0.292187 0.466667 0.034375 0.041667
0 0.360938 0.465625 0.034375 0.043750
0 0.386719 0.430208 0.032813 0.056250
0 0.029687 0.686458 0.043750 0.068750
0 0.122656 0.645833 0.073438 0.062500
0 0.071094 0.791667 0.039062 0.083333
0 0.072656 0.735417 0.039062 0.029167
0 0.115625 0.860417 0.043750 0.087500
0 0.309375 0.857292 0.034375 0.035417
0 0.313281 0.802083 0.023438 0.016667
0 0.478906 0.758333 0.026562 0.037500
0 0.478125 0.807292 0.034375 0.031250
0 0.446875 0.847917 0.056250 0.066667
0 0.339062 0.837500 0.021875 0.075000
0 0.399219 0.783333 0.042188 0.041667
