0 0.274219 0.405208 0.035937 0.060417
0 0.314844 0.311458 0.029687 0.052083
0 0.363281 0.357292 0.029687 0.039583
0 0.286719 0.463542 0.035937 0.031250
0 0.358594 0.465625 0.029687 0.035417
0 0.383594 0.440625 0.023438 0.031250
0 0.033594 0.680208 0.054688 0.072917
0 0.113281 0.641667 0.067187 0.058333
0 0.069531 0.798958 0.048438 0.060417
0 0.067187 0.743750 0.059375 0.050000
0 0.118750 0.867708 0.071875 0.077083
0 0.450000 0.872917 0.034375 0.045833
0 0.489063 0.794792 0.025000 0.052083
0 0.467969 0.759375 0.017188 0.031250
0 0.392188 0.781250 0.025000 0.029167
0 0.304688 0.847917 0.031250 0.037500
0 0.448437 0.818750 0.037500 0.037500
0 0.512500 0.739583 0.025000 0.050000
