0 0.330469 0.226042 0.051562 0.064583
0 0.360156 0.366667 0.057813 0.066667
0 0.351562 0.290625 0.065625 0.056250
0 0.302344 0.162500 0.045312 0.054167
0 0.312500 0.100000 0.053125 0.070833
0 0.375000 0.119792 0.043750 0.072917
0 0.413281 0.181250 0.026562 0.075000
0 0.555469 0.151042 0.042188 0.031250
0 0.530469 0.173958 0.026562 0.035417
0 0.500781 0.210417 0.032813 0.037500
0 0.474219 0.348958 0.051562 0.064583
0 0.478906 0.497917 0.035937 0.037500
0 0.496094 0.431250 0.032813 0.045833
0 0.627344 0.425000 0.035937 0.033333
0 0.658594 0.450000 0.026562 0.025000
0 0.607812 0.508333 0.037500 0.054167
0 0.496875 0.590625 0.046875 0.060417
0 0.541406 0.605208 0.026562 0.064583
