0 0.273438 0.400000 0.040625 0.050000
0 0.306250 0.311458 0.043750 0.056250
0 0.368750 0.350000 0.040625 0.029167
0 0.290625 0.455208 0.040625 0.031250
0 0.358594 0.466667 0.032813 0.037500
0 0.390625 0.441667 0.025000 0.041667
0 0.034375 0.683333 0.053125 0.104167
0 0.112500 0.647917 0.078125 0.104167
0 0.064062 0.800000 0.056250 0.062500
0 0.078125 0.741667 0.031250 0.041667
0 0.114844 0.862500 0.057813 0.079167
0 0.446875 0.840625 0.034375 0.085417
0 0.480469 0.783333 0.048438 0.087500
0 0.392188 0.773958 0.043750 0.035417
0 0.308594 0.847917 0.032813 0.050000
0 0.511719 0.740625 0.023438 0.035417
