0 0.330469 0.225000 0.051562 0.062500
0 0.309375 0.085417 0.059375 0.070833
0 0.375000 0.114583 0.043750 0.062500
0 0.298438 0.167708 0.050000 0.052083
0 0.408594 0.178125 0.045312 0.043750
0 0.496875 0.211458 0.018750 0.039583
0 0.532031 0.178125 0.020313 0.027083
0 0.558594 0.148958 0.035937 0.039583
0 0.357031 0.285417 0.042188 0.041667
0 0.364844 0.361458 0.060937 0.060417
0 0.473438 0.343750 0.034375 0.062500
0 0.494531 0.434375 0.035937 0.039583
0 0.632812 0.426042 0.034375 0.035417
0 0.580469 0.492708 0.045312 0.068750
0 0.635156 0.480208 0.035937 0.064583
0 0.660156 0.453125 0.026562 0.035417
0 0.519531 0.602083 0.064062 0.058333
