0 0.449219 0.813542 0.045312 0.056250
0 0.039844 0.695833 0.064062 0.091667
0 0.117188 0.654167 0.084375 0.091667
0 0.290625 0.465625 0.040625 0.043750
0 0.275781 0.401042 0.035937 0.047917
0 0.314063 0.322917 0.028125 0.050000
0 0.360938 0.463542 0.040625 0.039583
0 0.387500 0.437500 0.034375 0.054167
0 0.080469 0.792708 0.054688 0.056250
0 0.123438 0.868750 0.056250 0.075000
0 0.310156 0.848958 0.045312 0.043750
0 0.404687 0.912500 0.034375 0.033333
0 0.455469 0.868750 0.035937 0.029167
0 0.489844 0.800000 0.026562 0.062500
0 0.470313 0.743750 0.025000 0.050000
