0 0.329688 0.225000 0.050000 0.062500
0 0.311719 0.088542 0.060937 0.064583
0 0.302344 0.156250 0.035937 0.054167
0 0.372656 0.120833 0.045312 0.066667
0 0.418750 0.178125 0.025000 0.064583
0 0.492188 0.210417 0.031250 0.054167
0 0.530469 0.182292 0.029687 0.047917
0 0.551562 0.145833 0.031250 0.041667
0 0.354687 0.286458 0.056250 0.056250
0 0.369531 0.368750 0.064062 0.095833
0 0.497656 0.437500 0.039062 0.062500
0 0.490625 0.578125 0.028125 0.035417
0 0.505469 0.613542 0.023438 0.022917
0 0.534375 0.608333 0.025000 0.050000
0 0.606250 0.498958 0.028125 0.031250
0 0.632812 0.434375 0.031250 0.060417
0 0.660937 0.457292 0.031250 0.031250
