0 0.329688 0.227083 0.053125 0.062500
0 0.353125 0.277083 0.034375 0.062500
0 0.353125 0.363542 0.050000 0.077083
0 0.302344 0.157292 0.048438 0.064583
0 0.300781 0.082292 0.042188 0.056250
0 0.371875 0.119792 0.059375 0.056250
0 0.415625 0.187500 0.037500 0.079167
0 0.498437 0.198958 0.034375 0.035417
0 0.532813 0.172917 0.028125 0.045833
0 0.554688 0.142708 0.031250 0.027083
0 0.475781 0.331250 0.042188 0.045833
0 0.500781 0.431250 0.042188 0.066667
0 0.520312 0.601042 0.065625 0.085417
0 0.607031 0.501042 0.032813 0.022917
0 0.641406 0.496875 0.023438 0.043750
0 0.639062 0.432292 0.034375 0.039583
0 0.621094 0.451042 0.017188 0.014583
