0 0.446875 0.808333 0.046875 0.054167
0 0.454688 0.860417 0.043750 0.045833
0 0.494531 0.800000 0.026562 0.058333
0 0.471875 0.756250 0.037500 0.029167
0 0.268750 0.401042 0.031250 0.047917
0 0.291406 0.462500 0.029687 0.041667
0 0.364063 0.467708 0.028125 0.039583
0 0.385937 0.441667 0.034375 0.045833
0 0.032031 0.682292 0.039062 0.089583
0 0.117188 0.647917 0.075000 0.087500
0 0.078906 0.791667 0.064062 0.066667
0 0.116406 0.866667 0.057813 0.062500
0 0.078906 0.732292 0.035937 0.022917
0 0.316406 0.857292 0.029687 0.064583
0 0.402344 0.781250 0.057813 0.050000
