0 0.329688 0.226042 0.053125 0.064583
0 0.307812 0.166667 0.043750 0.050000
0 0.312500 0.094792 0.062500 0.052083
0 0.375781 0.110417 0.035937 0.058333
0 0.414844 0.184375 0.048438 0.047917
0 0.355469 0.281250 0.045312 0.037500
0 0.360938 0.363542 0.056250 0.056250
0 0.466406 0.346875 0.039062 0.039583
0 0.502344 0.210417 0.029687 0.050000
0 0.537500 0.178125 0.028125 0.022917
0 0.555469 0.142708 0.026562 0.035417
0 0.496094 0.432292 0.032813 0.056250
0 0.493750 0.563542 0.028125 0.043750
0 0.507812 0.610417 0.025000 0.025000
0 0.540625 0.602083 0.018750 0.041667
0 0.606250 0.511458 0.040625 0.035417
0 0.619531 0.459375 0.017188 0.022917
0 0.637500 0.442708 0.018750 0.035417
0 0.664844 0.453125 0.020313 0.035417
