0 0.330469 0.226042 0.051562 0.064583
0 0.315625 0.092708 0.062500 0.060417
0 0.384375 0.109375 0.034375 0.060417
0 0.303906 0.159375 0.042188 0.043750
0 0.361719 0.292708 0.039062 0.056250
0 0.359375 0.366667 0.053125 0.075000
0 0.404687 0.175000 0.031250 0.050000
0 0.557031 0.146875 0.032813 0.043750
0 0.531250 0.178125 0.028125 0.035417
0 0.469531 0.335417 0.057813 0.041667
0 0.492188 0.429167 0.028125 0.037500
0 0.503906 0.600000 0.032813 0.033333
0 0.542188 0.607292 0.018750 0.056250
0 0.589844 0.513542 0.042188 0.039583
0 0.558594 0.460417 0.035937 0.037500
0 0.607812 0.475000 0.034375 0.033333
0 0.626563 0.422917 0.028125 0.037500
0 0.645312 0.380208 0.034375 0.031250
0 0.640625 0.504167 0.015625 0.041667
0 0.665625 0.461458 0.025000 0.039583
