0 0.032031 0.689583 0.045312 0.070833
0 0.123438 0.657292 0.056250 0.056250
0 0.070312 0.792708 0.056250 0.043750
0 0.099219 0.841667 0.042188 0.025000
0 0.117969 0.893750 0.045312 0.050000
0 0.307812 0.863542 0.034375 0.056250
0 0.452344 0.872917 0.042188 0.033333
0 0.488281 0.806250 0.045312 0.037500
0 0.392969 0.778125 0.029687 0.039583
0 0.476562 0.761458 0.025000 0.031250
0 0.513281 0.742708 0.023438 0.039583
0 0.353125 0.462500 0.028125 0.037500
0 0.388281 0.443750 0.020313 0.029167
0 0.272656 0.400000 0.029687 0.041667
0 0.287500 0.464583 0.028125 0.029167
0 0.318750 0.326042 0.028125 0.047917
0 0.371875 0.359375 0.034375 0.043750
