0 0.387500 0.110417 0.050000 0.062500
0 0.521875 0.490625 0.037500 0.060417
0 0.603125 0.453125 0.037500 0.047917
0 0.330469 0.267708 0.057813 0.081250
0 0.325000 0.259375 0.071875 0.089583
0 0.390625 0.109375 0.062500 0.072917
0 0.371875 0.610417 0.040625 0.054167
0 0.098437 0.200000 0.056250 0.066667
0 0.158594 0.218750 0.032813 0.075000
0 0.208594 0.253125 0.039062 0.056250
0 0.103125 0.110417 0.059375 0.070833
0 0.564844 0.538542 0.017188 0.056250
0 0.557031 0.437500 0.032813 0.041667
0 0.408594 0.678125 0.020313 0.056250
0 0.431250 0.472917 0.059375 0.083333
