0 0.706250 0.084375 0.081250 0.089583
0 0.745313 0.688542 0.059375 0.077083
0 0.762500 0.600000 0.050000 0.050000
0 0.216406 0.814583 0.142187 0.137500
0 0.342969 0.913542 0.098437 0.131250
0 0.456250 0.869792 0.087500 0.106250
0 0.372656 0.701042 0.073438 0.110417
0 0.479687 0.695833 0.103125 0.170833
0 0.464844 0.494792 0.045312 0.093750
0 0.536719 0.258333 0.073438 0.100000
0 0.527344 0.154167 0.079687 0.087500
0 0.527344 0.062500 0.085938 0.062500
0 0.789062 0.772917 0.062500 0.087500
0 0.071875 0.904167 0.109375 0.141667
