0 0.270313 0.047917 0.068750 0.079167
0 0.484375 0.317708 0.043750 0.056250
0 0.481250 0.332292 0.046875 0.068750
0 0.521875 0.247917 0.043750 0.050000
0 0.288281 0.165625 0.048438 0.102083
0 0.313281 0.437500 0.032813 0.050000
0 0.342969 0.482292 0.020313 0.039583
0 0.372656 0.505208 0.039062 0.018750
0 0.365625 0.437500 0.012500 0.037500
0 0.535156 0.356250 0.042188 0.054167
0 0.533594 0.282292 0.020313 0.060417
0 0.566406 0.273958 0.051562 0.035417
0 0.474219 0.173958 0.045312 0.064583
0 0.524219 0.187500 0.032813 0.037500
