0 0.243750 0.498958 0.050000 0.068750
0 0.270313 0.596875 0.040625 0.035417
0 0.280469 0.546875 0.026562 0.039583
0 0.273438 0.453125 0.012500 0.052083
0 0.302344 0.477083 0.023438 0.029167
0 0.389062 0.663542 0.034375 0.035417
0 0.372656 0.562500 0.020313 0.054167
0 0.423438 0.580208 0.028125 0.027083
0 0.464844 0.597917 0.014063 0.054167
0 0.494531 0.571875 0.032813 0.027083
0 0.518750 0.540625 0.021875 0.010417
0 0.350781 0.270833 0.029687 0.050000
0 0.384375 0.348958 0.009375 0.047917
0 0.426563 0.332292 0.009375 0.014583
0 0.423438 0.251042 0.050000 0.027083
0 0.385937 0.610417 0.040625 0.054167
