0 0.487500 0.406250 0.040625 0.050000
0 0.097656 0.161458 0.082812 0.135417
0 0.235937 0.181250 0.062500 0.025000
0 0.139063 0.285417 0.065625 0.095833
0 0.191406 0.334375 0.032813 0.060417
0 0.204687 0.452083 0.059375 0.070833
0 0.500781 0.480208 0.051562 0.043750
0 0.550000 0.455208 0.025000 0.039583
0 0.571094 0.415625 0.029687 0.031250
0 0.532031 0.359375 0.029687 0.039583
0 0.550000 0.314583 0.018750 0.037500
0 0.436719 0.090625 0.060937 0.047917
0 0.456250 0.046875 0.050000 0.039583
0 0.359375 0.051042 0.059375 0.047917
0 0.402344 0.588542 0.098437 0.097917
0 0.380469 0.473958 0.101562 0.114583
