0 0.256250 0.619792 0.050000 0.052083
0 0.300000 0.569792 0.025000 0.056250
0 0.329688 0.592708 0.018750 0.027083
0 0.288281 0.687500 0.035937 0.029167
0 0.322656 0.726042 0.032813 0.039583
0 0.414844 0.784375 0.032813 0.031250
0 0.424219 0.711458 0.035937 0.035417
0 0.442969 0.671875 0.035937 0.035417
0 0.488281 0.636458 0.032813 0.027083
0 0.452344 0.733333 0.029687 0.016667
0 0.499219 0.719792 0.017188 0.043750
0 0.517969 0.673958 0.026562 0.039583
0 0.543750 0.632292 0.025000 0.018750
0 0.393750 0.431250 0.037500 0.054167
0 0.388281 0.380208 0.026562 0.056250
0 0.460156 0.369792 0.035937 0.035417
0 0.439844 0.435417 0.023438 0.054167
0 0.463281 0.415625 0.023438 0.022917
