0 0.287500 0.186458 0.068750 0.081250
0 0.176563 0.300000 0.059375 0.050000
0 0.179688 0.197917 0.059375 0.070833
0 0.536719 0.501042 0.048438 0.047917
0 0.212500 0.368750 0.062500 0.050000
0 0.500000 0.032292 0.050000 0.056250
0 0.181250 0.303125 0.059375 0.064583
0 0.234375 0.467708 0.065625 0.056250
0 0.264062 0.439583 0.025000 0.016667
0 0.560156 0.365625 0.045312 0.018750
0 0.546875 0.409375 0.031250 0.043750
0 0.578125 0.409375 0.021875 0.018750
0 0.418750 0.593750 0.046875 0.062500
0 0.402344 0.470833 0.032813 0.095833
0 0.453125 0.498958 0.043750 0.047917
0 0.492969 0.430208 0.029687 0.052083
