0 0.158594 0.367708 0.126562 0.118750
0 0.234375 0.234375 0.078125 0.106250
0 0.227344 0.506250 0.098437 0.100000
0 0.214844 0.660417 0.085938 0.100000
0 0.109375 0.234375 0.103125 0.118750
0 0.300000 0.132292 0.084375 0.106250
0 0.114844 0.058333 0.101562 0.079167
0 0.364844 0.257292 0.101562 0.039583
0 0.407031 0.352083 0.035937 0.045833
0 0.308594 0.608333 0.054688 0.058333
0 0.398438 0.522917 0.065625 0.062500
0 0.715625 0.655208 0.056250 0.035417
0 0.679688 0.709375 0.009375 0.072917
0 0.742188 0.736458 0.056250 0.056250
0 0.700000 0.801042 0.075000 0.047917
0 0.469531 0.896875 0.060937 0.043750
0 0.467969 0.804167 0.020313 0.079167
0 0.508594 0.756250 0.042188 0.095833
0 0.582812 0.744792 0.065625 0.072917
0 0.507812 0.852083 0.065625 0.079167
0 0.393750 0.426042 0.081250 0.122917
