0 0.115625 0.505208 0.059375 0.093750
0 0.148438 0.638542 0.059375 0.068750
0 0.381250 0.862500 0.059375 0.075000
0 0.553125 0.713542 0.043750 0.047917
0 0.142969 0.636458 0.060937 0.052083
0 0.359375 0.334375 0.043750 0.043750
0 0.173437 0.505208 0.056250 0.114583
0 0.222656 0.472917 0.042188 0.058333
0 0.191406 0.688542 0.039062 0.039583
0 0.189844 0.755208 0.048438 0.027083
0 0.505469 0.766667 0.048438 0.058333
0 0.553906 0.619792 0.045312 0.052083
0 0.467969 0.794792 0.026562 0.018750
0 0.428906 0.361458 0.032813 0.052083
0 0.461719 0.321875 0.026562 0.043750
0 0.460156 0.248958 0.029687 0.022917
0 0.362500 0.276042 0.059375 0.047917
