0 0.329688 0.226042 0.053125 0.064583
0 0.299219 0.166667 0.039062 0.058333
0 0.312500 0.103125 0.062500 0.064583
0 0.374219 0.116667 0.042188 0.062500
0 0.408594 0.181250 0.035937 0.045833
0 0.348438 0.285417 0.050000 0.045833
0 0.358594 0.355208 0.054688 0.064583
0 0.472656 0.359375 0.035937 0.060417
0 0.499219 0.205208 0.020313 0.056250
0 0.528125 0.177083 0.028125 0.058333
0 0.553906 0.141667 0.026562 0.050000
0 0.494531 0.431250 0.042188 0.037500
0 0.635938 0.431250 0.034375 0.025000
0 0.639062 0.463542 0.021875 0.031250
0 0.665625 0.456250 0.015625 0.029167
0 0.608594 0.506250 0.039062 0.054167
0 0.503906 0.605208 0.026562 0.039583
0 0.538281 0.606250 0.026562 0.041667
