0 0.329688 0.221875 0.053125 0.064583
0 0.357812 0.287500 0.059375 0.062500
0 0.368750 0.369792 0.071875 0.072917
0 0.300000 0.156250 0.043750 0.062500
0 0.306250 0.086458 0.043750 0.060417
0 0.378125 0.117708 0.037500 0.060417
0 0.414062 0.178125 0.040625 0.056250
0 0.534375 0.173958 0.037500 0.031250
0 0.555469 0.141667 0.032813 0.033333
0 0.503906 0.194792 0.026562 0.031250
0 0.473438 0.356250 0.050000 0.070833
0 0.495312 0.434375 0.043750 0.047917
0 0.491406 0.575000 0.020313 0.041667
0 0.507031 0.617708 0.010937 0.043750
0 0.533594 0.613542 0.020313 0.035417
0 0.605469 0.503125 0.035937 0.047917
0 0.634375 0.460417 0.021875 0.041667
0 0.624219 0.419792 0.020313 0.031250
0 0.660156 0.454167 0.023438 0.054167
