0 0.330469 0.226042 0.051562 0.064583
0 0.366406 0.364583 0.057813 0.083333
0 0.355469 0.280208 0.042188 0.056250
0 0.305469 0.165625 0.042188 0.081250
0 0.307812 0.090625 0.053125 0.060417
0 0.371094 0.129167 0.054688 0.058333
0 0.535156 0.179167 0.032813 0.037500
0 0.557031 0.145833 0.045312 0.033333
0 0.497656 0.430208 0.042188 0.043750
0 0.558594 0.461458 0.042188 0.047917
0 0.600000 0.512500 0.025000 0.029167
0 0.628125 0.425000 0.031250 0.045833
0 0.635938 0.469792 0.018750 0.022917
0 0.640625 0.516667 0.015625 0.029167
0 0.667969 0.450000 0.023438 0.037500
0 0.507812 0.601042 0.025000 0.027083
0 0.539062 0.602083 0.021875 0.033333
