0 0.362500 0.454167 0.046875 0.062500
0 0.031250 0.697917 0.059375 0.075000
0 0.121875 0.648958 0.043750 0.081250
0 0.270313 0.401042 0.034375 0.064583
0 0.318750 0.316667 0.037500 0.033333
0 0.290625 0.460417 0.031250 0.050000
0 0.358594 0.355208 0.026562 0.035417
0 0.070312 0.792708 0.053125 0.052083
0 0.101562 0.845833 0.062500 0.037500
0 0.107031 0.893750 0.039062 0.033333
0 0.459375 0.866667 0.059375 0.041667
0 0.306250 0.859375 0.034375 0.039583
0 0.396094 0.783333 0.039062 0.066667
0 0.443750 0.819792 0.025000 0.043750
0 0.488281 0.805208 0.039062 0.047917
0 0.471875 0.753125 0.021875 0.039583
0 0.507812 0.751042 0.021875 0.031250
0 0.300000 0.805208 0.053125 0.047917
0 0.343750 0.852083 0.034375 0.062500
0 0.279687 0.743750 0.025000 0.041667
