0 0.318750 0.321875 0.025000 0.043750
0 0.275781 0.405208 0.035937 0.052083
0 0.287500 0.462500 0.031250 0.033333
0 0.360156 0.468750 0.020313 0.037500
0 0.385156 0.445833 0.029687 0.041667
0 0.030469 0.684375 0.042188 0.089583
0 0.121875 0.646875 0.056250 0.052083
0 0.063281 0.793750 0.060937 0.045833
0 0.100781 0.865625 0.054688 0.035417
0 0.444531 0.872917 0.032813 0.045833
0 0.439844 0.819792 0.035937 0.035417
0 0.489844 0.814583 0.035937 0.058333
0 0.475000 0.754167 0.028125 0.033333
0 0.389844 0.773958 0.039062 0.047917
0 0.302344 0.859375 0.032813 0.039583
0 0.413281 0.922917 0.032813 0.037500
0 0.336719 0.832292 0.032813 0.035417
0 0.508594 0.740625 0.032813 0.031250
