0 0.330469 0.226042 0.051562 0.064583
0 0.310937 0.095833 0.056250 0.045833
0 0.306250 0.158333 0.056250 0.062500
0 0.382031 0.110417 0.035937 0.075000
0 0.410156 0.177083 0.057813 0.054167
0 0.360156 0.278125 0.051562 0.035417
0 0.359375 0.355208 0.040625 0.068750
0 0.472656 0.351042 0.048438 0.035417
0 0.541406 0.176042 0.032813 0.043750
0 0.560937 0.137500 0.031250 0.037500
0 0.498437 0.201042 0.034375 0.047917
0 0.489063 0.417708 0.031250 0.047917
0 0.561719 0.472917 0.032813 0.075000
0 0.634375 0.408333 0.056250 0.012500
0 0.612500 0.470833 0.034375 0.037500
0 0.590625 0.516667 0.031250 0.025000
0 0.515625 0.601042 0.068750 0.081250
0 0.648438 0.468750 0.043750 0.058333
