0 0.274219 0.402083 0.039062 0.045833
0 0.288281 0.459375 0.042188 0.043750
0 0.359375 0.471875 0.037500 0.052083
0 0.383594 0.435417 0.026562 0.033333
0 0.032031 0.686458 0.048438 0.097917
0 0.113281 0.640625 0.076563 0.089583
0 0.064844 0.791667 0.057813 0.083333
0 0.106250 0.864583 0.050000 0.062500
0 0.453125 0.865625 0.043750 0.035417
0 0.393750 0.770833 0.028125 0.041667
0 0.305469 0.845833 0.023438 0.033333
0 0.443750 0.810417 0.018750 0.037500
0 0.483594 0.800000 0.039062 0.045833
0 0.476562 0.752083 0.028125 0.033333
0 0.517188 0.734375 0.021875 0.031250
