0 0.329688 0.225000 0.053125 0.066667
0 0.356250 0.285417 0.040625 0.066667
0 0.353906 0.346875 0.023438 0.039583
0 0.310156 0.160417 0.048438 0.050000
0 0.309375 0.100000 0.059375 0.075000
0 0.369531 0.115625 0.045312 0.047917
0 0.408594 0.169792 0.026562 0.047917
0 0.474219 0.356250 0.035937 0.045833
0 0.494531 0.198958 0.026562 0.043750
0 0.536719 0.172917 0.026562 0.025000
0 0.554688 0.139583 0.037500 0.041667
0 0.497656 0.431250 0.032813 0.033333
0 0.478125 0.494792 0.025000 0.027083
0 0.485156 0.533333 0.029687 0.033333
0 0.502344 0.603125 0.029687 0.056250
0 0.535156 0.603125 0.023438 0.039583
0 0.593750 0.503125 0.031250 0.043750
0 0.630469 0.452083 0.039062 0.033333
0 0.629687 0.412500 0.025000 0.025000
0 0.646094 0.491667 0.039062 0.045833
0 0.669531 0.453125 0.023438 0.035417
