0 0.271094 0.393750 0.026562 0.058333
0 0.319531 0.316667 0.020313 0.050000
0 0.367188 0.363542 0.031250 0.039583
0 0.291406 0.458333 0.032813 0.037500
0 0.363281 0.468750 0.026562 0.033333
0 0.391406 0.445833 0.026562 0.025000
0 0.117188 0.645833 0.059375 0.075000
0 0.032031 0.691667 0.064062 0.066667
0 0.078125 0.750000 0.025000 0.029167
0 0.078125 0.804167 0.078125 0.062500
0 0.114062 0.875000 0.059375 0.075000
0 0.311719 0.815625 0.048438 0.047917
0 0.310937 0.866667 0.043750 0.033333
0 0.455469 0.872917 0.035937 0.033333
0 0.446094 0.819792 0.029687 0.035417
0 0.397656 0.776042 0.026562 0.035417
0 0.485938 0.801042 0.037500 0.047917
0 0.475000 0.759375 0.021875 0.043750
0 0.515625 0.747917 0.018750 0.029167
