0 0.446875 0.826042 0.050000 0.085417
0 0.027344 0.678125 0.054688 0.072917
0 0.118750 0.645833 0.087500 0.079167
0 0.070312 0.801042 0.059375 0.056250
0 0.076563 0.735417 0.050000 0.033333
0 0.124219 0.867708 0.076563 0.056250
0 0.272656 0.410417 0.039062 0.041667
0 0.315625 0.315625 0.031250 0.047917
0 0.290625 0.458333 0.046875 0.045833
0 0.360156 0.460417 0.039062 0.062500
0 0.386719 0.429167 0.029687 0.045833
0 0.321875 0.851042 0.046875 0.072917
0 0.403906 0.781250 0.045312 0.050000
0 0.482031 0.756250 0.039062 0.045833
0 0.483594 0.810417 0.032813 0.045833
