0 0.276562 0.404167 0.037500 0.062500
0 0.317188 0.321875 0.028125 0.043750
0 0.396875 0.440625 0.043750 0.035417
0 0.359375 0.459375 0.025000 0.043750
0 0.288281 0.461458 0.039062 0.022917
0 0.035937 0.682292 0.053125 0.085417
0 0.113281 0.635417 0.051562 0.079167
0 0.067187 0.791667 0.056250 0.050000
0 0.111719 0.852083 0.035937 0.045833
0 0.116406 0.912500 0.023438 0.033333
0 0.307812 0.864583 0.050000 0.058333
0 0.395313 0.768750 0.034375 0.045833
0 0.450000 0.851042 0.043750 0.077083
0 0.484375 0.798958 0.043750 0.043750
0 0.457813 0.755208 0.050000 0.039583
