0 0.446875 0.818750 0.046875 0.075000
0 0.275000 0.402083 0.031250 0.062500
0 0.310937 0.319792 0.028125 0.047917
0 0.290625 0.458333 0.034375 0.066667
0 0.360156 0.469792 0.029687 0.039583
0 0.384375 0.442708 0.037500 0.035417
0 0.035937 0.686458 0.056250 0.110417
0 0.116406 0.635417 0.076563 0.104167
0 0.070312 0.808333 0.065625 0.058333
0 0.110937 0.879167 0.056250 0.054167
0 0.316406 0.862500 0.039062 0.062500
0 0.311719 0.809375 0.029687 0.039583
0 0.391406 0.776042 0.042188 0.052083
0 0.471875 0.764583 0.031250 0.033333
0 0.489844 0.807292 0.020313 0.031250
0 0.510156 0.742708 0.029687 0.039583
0 0.458594 0.866667 0.045312 0.025000
0 0.357031 0.341667 0.026562 0.029167
