0 0.302344 0.818750 0.067187 0.087500
0 0.546875 0.793750 0.043750 0.062500
0 0.284375 0.687500 0.056250 0.062500
0 0.442188 0.901042 0.062500 0.072917
0 0.540625 0.800000 0.050000 0.050000
0 0.444531 0.479167 0.032813 0.079167
0 0.469531 0.411458 0.048438 0.056250
0 0.500781 0.394792 0.020313 0.043750
0 0.369531 0.423958 0.020313 0.064583
0 0.410156 0.402083 0.029687 0.020833
0 0.402344 0.344792 0.032813 0.056250
0 0.432031 0.276042 0.020313 0.039583
0 0.300000 0.617708 0.046875 0.064583
0 0.336719 0.633333 0.026562 0.070833
0 0.380469 0.636458 0.035937 0.027083
0 0.525781 0.703125 0.042188 0.035417
0 0.567969 0.687500 0.023438 0.012500
0 0.560156 0.634375 0.020313 0.031250
0 0.591406 0.680208 0.035937 0.027083
