0 0.600000 0.797917 0.065625 0.075000
0 0.552344 0.753125 0.070312 0.077083
0 0.275000 0.462500 0.106250 0.112500
0 0.428125 0.466667 0.059375 0.075000
0 0.536719 0.766667 0.051562 0.054167
0 0.553125 0.865625 0.059375 0.052083
0 0.304688 0.292708 0.115625 0.152083
0 0.305469 0.136458 0.142187 0.106250
0 0.500781 0.381250 0.110937 0.091667
0 0.428125 0.110417 0.071875 0.150000
0 0.850000 0.547917 0.059375 0.083333
0 0.848437 0.650000 0.056250 0.062500
0 0.867969 0.715625 0.082812 0.052083
0 0.880469 0.786458 0.095312 0.018750
0 0.633594 0.675000 0.089063 0.066667
0 0.750781 0.655208 0.057813 0.131250
0 0.742188 0.847917 0.075000 0.095833
0 0.581250 0.472917 0.109375 0.058333
0 0.198437 0.084375 0.106250 0.164583
