0 0.586719 0.828125 0.048438 0.056250
0 0.121875 0.589583 0.068750 0.104167
0 0.548438 0.886458 0.043750 0.068750
0 0.125000 0.573958 0.068750 0.093750
0 0.460938 0.434375 0.043750 0.047917
0 0.415625 0.854167 0.065625 0.083333
0 0.157031 0.680208 0.060937 0.027083
0 0.155469 0.735417 0.026562 0.058333
0 0.195312 0.844792 0.053125 0.047917
0 0.579688 0.730208 0.040625 0.043750
0 0.380469 0.428125 0.042188 0.056250
0 0.375781 0.367708 0.045312 0.031250
0 0.466406 0.343750 0.035937 0.079167
0 0.191406 0.571875 0.051562 0.060417
0 0.235937 0.538542 0.043750 0.072917
0 0.369531 0.685417 0.026562 0.054167
