0 0.264844 0.672917 0.048438 0.050000
0 0.290625 0.740625 0.053125 0.047917
0 0.302344 0.784375 0.029687 0.039583
0 0.414844 0.830208 0.032813 0.043750
0 0.411719 0.778125 0.026562 0.027083
0 0.398438 0.721875 0.012500 0.056250
0 0.447656 0.719792 0.032813 0.043750
0 0.491406 0.718750 0.020313 0.012500
0 0.489844 0.677083 0.023438 0.016667
0 0.378906 0.426042 0.020313 0.060417
0 0.433594 0.486458 0.035937 0.031250
0 0.467969 0.446875 0.032813 0.056250
0 0.454688 0.402083 0.034375 0.029167
0 0.489063 0.767708 0.043750 0.035417
0 0.533594 0.729167 0.020313 0.045833
0 0.552344 0.671875 0.035937 0.018750
