0 0.330469 0.226042 0.051562 0.064583
0 0.359375 0.284375 0.046875 0.043750
0 0.363281 0.357292 0.051562 0.072917
0 0.299219 0.159375 0.026562 0.047917
0 0.312500 0.091667 0.053125 0.062500
0 0.372656 0.108333 0.045312 0.058333
0 0.411719 0.172917 0.039062 0.045833
0 0.502344 0.213542 0.029687 0.039583
0 0.535937 0.170833 0.028125 0.041667
0 0.560937 0.138542 0.031250 0.035417
0 0.499219 0.427083 0.035937 0.041667
0 0.487500 0.528125 0.031250 0.035417
0 0.502344 0.577083 0.023438 0.037500
0 0.507812 0.613542 0.021875 0.010417
0 0.537500 0.609375 0.021875 0.043750
0 0.611719 0.493750 0.029687 0.045833
0 0.629687 0.431250 0.031250 0.037500
0 0.668750 0.454167 0.021875 0.025000
0 0.476562 0.333333 0.043750 0.062500
