0 0.032813 0.682292 0.050000 0.110417
0 0.113281 0.634375 0.073438 0.097917
0 0.069531 0.781250 0.051562 0.079167
0 0.132812 0.866667 0.056250 0.075000
0 0.321875 0.840625 0.059375 0.097917
0 0.447656 0.873958 0.035937 0.068750
0 0.447656 0.809375 0.048438 0.052083
0 0.493750 0.787500 0.031250 0.045833
0 0.389844 0.760417 0.039062 0.070833
0 0.512500 0.736458 0.018750 0.031250
0 0.286719 0.454167 0.039062 0.054167
0 0.271875 0.390625 0.025000 0.056250
0 0.356250 0.453125 0.021875 0.077083
0 0.386719 0.433333 0.032813 0.062500
