0 0.330469 0.225000 0.051562 0.062500
0 0.353906 0.290625 0.051562 0.052083
0 0.357812 0.376042 0.059375 0.072917
0 0.297656 0.152083 0.032813 0.079167
0 0.304688 0.075000 0.040625 0.045833
0 0.374219 0.128125 0.054688 0.052083
0 0.533594 0.178125 0.023438 0.039583
0 0.556250 0.144792 0.040625 0.039583
0 0.500000 0.200000 0.034375 0.045833
0 0.468750 0.339583 0.043750 0.054167
0 0.500000 0.428125 0.040625 0.047917
0 0.501563 0.588542 0.043750 0.060417
0 0.541406 0.616667 0.032813 0.045833
0 0.632812 0.498958 0.059375 0.060417
0 0.626563 0.425000 0.028125 0.029167
