0 0.037500 0.682292 0.059375 0.102083
0 0.125000 0.637500 0.084375 0.083333
0 0.073438 0.788542 0.059375 0.056250
0 0.112500 0.862500 0.071875 0.079167
0 0.314844 0.844792 0.042188 0.068750
0 0.450781 0.837500 0.045312 0.091667
0 0.486719 0.788542 0.035937 0.064583
0 0.393750 0.772917 0.050000 0.066667
0 0.514062 0.741667 0.040625 0.058333
0 0.270313 0.402083 0.031250 0.045833
0 0.310937 0.316667 0.040625 0.045833
0 0.292969 0.461458 0.032813 0.035417
0 0.355469 0.470833 0.023438 0.062500
0 0.392188 0.432292 0.037500 0.052083
0 0.360156 0.350000 0.032813 0.025000
0 0.361719 0.907292 0.070312 0.056250
