0 0.329688 0.225000 0.050000 0.062500
0 0.352344 0.292708 0.051562 0.056250
0 0.366406 0.361458 0.054688 0.081250
0 0.300000 0.164583 0.025000 0.037500
0 0.309375 0.100000 0.053125 0.054167
0 0.374219 0.106250 0.042188 0.037500
0 0.492969 0.204167 0.029687 0.045833
0 0.532031 0.179167 0.032813 0.037500
0 0.557813 0.141667 0.031250 0.054167
0 0.468750 0.335417 0.043750 0.054167
0 0.506250 0.594792 0.028125 0.031250
0 0.540625 0.618750 0.021875 0.029167
0 0.602344 0.528125 0.029687 0.043750
0 0.619531 0.495833 0.017188 0.029167
0 0.637500 0.461458 0.015625 0.027083
0 0.631250 0.423958 0.021875 0.022917
0 0.490625 0.430208 0.034375 0.035417
0 0.662500 0.457292 0.028125 0.031250
