0 0.329688 0.226042 0.053125 0.064583
0 0.358594 0.283333 0.048438 0.041667
0 0.361719 0.356250 0.060937 0.070833
0 0.300000 0.160417 0.050000 0.045833
0 0.309375 0.093750 0.068750 0.062500
0 0.375000 0.119792 0.034375 0.056250
0 0.407813 0.165625 0.037500 0.035417
0 0.558594 0.141667 0.035937 0.025000
0 0.535156 0.172917 0.029687 0.029167
0 0.470313 0.337500 0.043750 0.041667
0 0.498437 0.434375 0.034375 0.035417
0 0.499219 0.557292 0.026562 0.022917
0 0.504687 0.598958 0.021875 0.035417
0 0.551562 0.614583 0.034375 0.041667
0 0.639062 0.423958 0.034375 0.022917
0 0.639844 0.450000 0.026562 0.025000
0 0.602344 0.495833 0.032813 0.045833
