0 0.269531 0.396875 0.042188 0.052083
0 0.312500 0.320833 0.031250 0.029167
0 0.363281 0.343750 0.020313 0.037500
0 0.359375 0.476042 0.034375 0.056250
0 0.389062 0.445833 0.028125 0.050000
0 0.290625 0.460417 0.043750 0.045833
0 0.028125 0.698958 0.040625 0.089583
0 0.121094 0.647917 0.067187 0.062500
0 0.070312 0.804167 0.050000 0.091667
0 0.100781 0.891667 0.029687 0.037500
0 0.107031 0.844792 0.020313 0.031250
0 0.310937 0.864583 0.015625 0.058333
0 0.304688 0.809375 0.025000 0.043750
0 0.442188 0.821875 0.043750 0.043750
0 0.485938 0.806250 0.034375 0.029167
0 0.478125 0.762500 0.025000 0.025000
0 0.392969 0.776042 0.032813 0.022917
0 0.453125 0.863542 0.028125 0.018750
0 0.145313 0.873958 0.046875 0.043750
0 0.513281 0.742708 0.020313 0.052083
0 0.416406 0.913542 0.020313 0.039583
0 0.414844 0.873958 0.020313 0.022917
