0 0.361719 0.453125 0.045312 0.060417
0 0.291406 0.462500 0.032813 0.050000
0 0.264062 0.395833 0.015625 0.058333
0 0.314844 0.326042 0.023438 0.043750
0 0.396875 0.443750 0.025000 0.033333
0 0.124219 0.644792 0.064062 0.060417
0 0.033594 0.687500 0.051562 0.070833
0 0.075781 0.796875 0.060937 0.056250
0 0.109375 0.854167 0.050000 0.037500
0 0.114062 0.893750 0.040625 0.029167
0 0.313281 0.856250 0.045312 0.050000
0 0.451562 0.870833 0.037500 0.041667
0 0.491406 0.794792 0.042188 0.039583
0 0.443750 0.811458 0.031250 0.035417
0 0.389844 0.779167 0.042188 0.037500
0 0.472656 0.756250 0.017188 0.020833
0 0.506250 0.750000 0.021875 0.037500
